%YAML:1.0
K_0: !!opencv-matrix
   rows: 3
   cols: 3
   dt: d
   data: [ 1689.20812822429, 0.0, 1556.63441548092,
         0.0, 1690.44892689337, 1021.13423804924,
         0.0, 0.0, 1.0 ]
C_0: !!opencv-matrix
   rows: 1
   cols: 5
   dt: d
   data: [ -0.105745178046974, 0.0957731666913762, 0.0, 0.0, 0.0 ]
E_0: !!opencv-matrix
   rows: 4
   cols: 4
   dt: d
   data: [ 0.00255222, -0.999997, 0.000192114, 0.0702867,
         -0.0137603, -0.000227216, -0.999905, 0.0290908,
         0.999902, 0.00254933, -0.0137608, 0.0786185,
         0.0000000, 0.0000000, 0.0000000, 1.0000000]