%YAML:1.0
K_0: !!opencv-matrix
   rows: 3
   cols: 3
   dt: d
   data: [1728.760975599722, -2.671234208791724, 1552.974240766976, 0.0, 1720.497547412866, 1026.563050896776, 0.0, 0.0, 1.0]
C_0: !!opencv-matrix
   rows: 1
   cols: 5
   dt: d
   data: [-0.1091, 0.1096, 0.004, -0.0013, -0.024]
E_0: !!opencv-matrix
   rows: 4
   cols: 4
   dt: d
   data: [0.00336495, -0.999976, -0.00607836, -0.0829104, 0.0090665, 0.00610866, -0.99994, -0.022894, 0.999953, 0.00330964, 0.00908684, 0.0668111, 0.000000000, 0.000000000, 1.000000000]