%YAML:1.0
K_0: !!opencv-matrix
   rows: 3
   cols: 3
   dt: d
   data: [ 3410.240835432618, -3.703680665739654, 1536.041229600731,
         0.0, 3407.998659816215, 995.1929258945565,
         0.0, 0.0, 1.0 ]
C_0: !!opencv-matrix
   rows: 1
   cols: 5
   dt: d
   data: [ -0.0364, 0.2079, 0.0, 0.0, 0.0 ]
E_0: !!opencv-matrix
   rows: 4
   cols: 4
   dt: d
   data: [ 0.0112053,  -0.999877,  -0.0109507,  -0.102127,
         0.0109467,  0.0110734,  -0.999879,  -0.0135518,
         0.999877,  0.011084,  0.0110694,  -0.111948,
         0.000000000, 0.000000000, 0.000000000, 1.000000000]