%YAML:1.0
K_0: !!opencv-matrix
   rows: 3
   cols: 3
   dt: d
   data: [ 4264.287152736516, 0.0, 1487.2338408867588,
         0.0, 4259.732379159157, 1011.6343695179662,
         0.0, 0.0, 1.0 ]
C_0: !!opencv-matrix
   rows: 1
   cols: 5
   dt: d
   data: [ -0.32355103202823776, -1.043266784475671, 0.00034719871666121237, 0.00014488444241725245, 7.4853408955986955 ]
E_0: !!opencv-matrix
   rows: 4
   cols: 4
   dt: d
   data: [ -0.175911942, -0.984001587, 0.028211078, -0.089828774,
         -0.006090403, -0.027569525, -0.999601335, 0.016347722,
         0.984387066, -0.176013629, -0.001143158, -0.023910738,
         0.000000000, 0.000000000, 0.000000000, 1.000000000]