%YAML:1.0
K_0: !!opencv-matrix
   rows: 3
   cols: 3
   dt: d
   data: [1728.760975599722, -2.671234208791724, 1552.974240766976, 0.0, 1720.497547412866, 1026.563050896776, 0.0, 0.0, 1.0]
C_0: !!opencv-matrix
   rows: 1
   cols: 5
   dt: d
   data: [-0.1091, 0.1096, 0.004, -0.0013, -0.024]
E_0: !!opencv-matrix
   rows: 4
   cols: 4
   dt: d
   data: [0.00347284, -0.999978, -0.00573224, -0.0826939, 0.00413533, 0.00574659, -0.999975, -0.0108746, 0.999985, 0.00344905, 0.00415519, 0.0605703, 0.000000000, 0.000000000, 0.000000000, 1.000000000]