%YAML:1.0
K_0: !!opencv-matrix
   rows: 3
   cols: 3
   dt: d
   data: [3241.21708545696, 0.0, 1599.69102323210, 0.0, 3235.70527225312, 991.057377233918, 0.0, 0.0, 1.0]
C_0: !!opencv-matrix
   rows: 1
   cols: 5
   dt: d
   data: [-0.0660558303854365, 0.166250879095833, -0.00161736376555763, 0.00133922410216130, -0.260596764218326]
E_0: !!opencv-matrix
   rows: 4
   cols: 4
   dt: d
   data: [0.00408165, -0.999969, 0.00677449, -0.0531636, -0.00184847, -0.00678208, -0.999975, 0.00608384, 0.99999, 0.00406903, -0.0018761, 0.0458486, 0.000000000, 0.000000000, 0.000000000, 1.000000000]